000011011111000010101101101110100000110111110000101011011011101000001101111100001010110110111010000011011111000010101101101110100000110111110000101011011011101000001101111100001010110110111010

000011011111000010101101101110100000110111110000101011011011101000001101111100001010110110111010000011011111000010101101101110100000110111110000101011011011101000001101111100001010110110111010

000011011111000010101101101110100000110111110000101011011011101000001101111100001010110110111010000011011111000010101101101110100000110111110000101011011011101000001101111100001010110110111010

000011011111000010101101101110100000110111110000101011011011101000001101111100001010110110111010000011011111000010101101101110100000110111110000101011011011101000001101111100001010110110111010

000011011111000010101101101110100000110111110000101011011011101000001101111100001010110110111010000011011111000010101101101110100000110111110000101011011011101000001101111100001010110110111010

000011011111000010101101101110100000110111110000101011011011101000001101111100001010110110111010000011011111000010101101101110100000110111110000101011011011101000001101111100001010110110111010

000011011111000010101101101110100000110111110000101011011011101000001101111100001010110110111010000011011111000010101101101110100000110111110000101011011011101000001101111100001010110110111010

000011011111000010101101101110100000110111110000101011011011101000001101111100001010110110111010000011011111000010101101101110100000110111110000101011011011101000001101111100001010110110111010

000011011111000010101101101110100000110111110000101011011011101000001101111100001010110110111010000011011111000010101101101110100000110111110000101011011011101000001101111100001010110110111010

000011011111000010101101101110100000110111110000101011011011101000001101111100001010110110111010000011011111000010101101101110100000110111110000101011011011101000001101111100001010110110111010

000011011111000010101101101110100000110111110000101011011011101000001101111100001010110110111010000011011111000010101101101110100000110111110000101011011011101000001101111100001010110110111010

000011011111000010101101101110100000110111110000101011011011101000001101111100001010110110111010000011011111000010101101101110100000110111110000101011011011101000001101111100001010110110111010

000011011111000010101101101110100000110111110000101011011011101000001101111100001010110110111010000011011111000010101101101110100000110111110000101011011011101000001101111100001010110110111010

000011011111000010101101101110100000110111110000101011011011101000001101111100001010110110111010000011011111000010101101101110100000110111110000101011011011101000001101111100001010110110111010

000011011111000010101101101110100000110111110000101011011011101000001101111100001010110110111010000011011111000010101101101110100000110111110000101011011011101000001101111100001010110110111010

000011011111000010101101101110100000110111110000101011011011101000001101111100001010110110111010000011011111000010101101101110100000110111110000101011011011101000001101111100001010110110111010

000011011111000010101101101110100000110111110000101011011011101000001101111100001010110110111010000011011111000010101101101110100000110111110000101011011011101000001101111100001010110110111010

000011011111000010101101101110100000110111110000101011011011101000001101111100001010110110111010000011011111000010101101101110100000110111110000101011011011101000001101111100001010110110111010

000011011111000010101101101110100000110111110000101011011011101000001101111100001010110110111010000011011111000010101101101110100000110111110000101011011011101000001101111100001010110110111010

000011011111000010101101101110100000110111110000101011011011101000001101111100001010110110111010000011011111000010101101101110100000110111110000101011011011101000001101111100001010110110111010

000011011111000010101101101110100000110111110000101011011011101000001101111100001010110110111010000011011111000010101101101110100000110111110000101011011011101000001101111100001010110110111010

000011011111000010101101101110100000110111110000101011011011101000001101111100001010110110111010000011011111000010101101101110100000110111110000101011011011101000001101111100001010110110111010

000011011111000010101101101110100000110111110000101011011011101000001101111100001010110110111010000011011111000010101101101110100000110111110000101011011011101000001101111100001010110110111010

000011011111000010101101101110100000110111110000101011011011101000001101111100001010110110111010000011011111000010101101101110100000110111110000101011011011101000001101111100001010110110111010

000011011111000010101101101110100000110111110000101011011011101000001101111100001010110110111010000011011111000010101101101110100000110111110000101011011011101000001101111100001010110110111010

000011011111000010101101101110100000110111110000101011011011101000001101111100001010110110111010000011011111000010101101101110100000110111110000101011011011101000001101111100001010110110111010

000011011111000010101101101110100000110111110000101011011011101000001101111100001010110110111010000011011111000010101101101110100000110111110000101011011011101000001101111100001010110110111010

000011011111000010101101101110100000110111110000101011011011101000001101111100001010110110111010000011011111000010101101101110100000110111110000101011011011101000001101111100001010110110111010

000011011111000010101101101110100000110111110000101011011011101000001101111100001010110110111010000011011111000010101101101110100000110111110000101011011011101000001101111100001010110110111010

000011011111000010101101101110100000110111110000101011011011101000001101111100001010110110111010000011011111000010101101101110100000110111110000101011011011101000001101111100001010110110111010

000011011111000010101101101110100000110111110000101011011011101000001101111100001010110110111010000011011111000010101101101110100000110111110000101011011011101000001101111100001010110110111010

000011011111000010101101101110100000110111110000101011011011101000001101111100001010110110111010000011011111000010101101101110100000110111110000101011011011101000001101111100001010110110111010

000011011111000010101101101110100000110111110000101011011011101000001101111100001010110110111010000011011111000010101101101110100000110111110000101011011011101000001101111100001010110110111010

000011011111000010101101101110100000110111110000101011011011101000001101111100001010110110111010000011011111000010101101101110100000110111110000101011011011101000001101111100001010110110111010

000011011111000010101101101110100000110111110000101011011011101000001101111100001010110110111010000011011111000010101101101110100000110111110000101011011011101000001101111100001010110110111010

011010000101001011001001000000000000000000000000000000000000000000000001000000000000000000000000000000000000000000000000000000000000000100000000000000000000000000000000000000000000000000000000

000011011111000010101101101110100000110111110000101011011011101000001101111100001010110110111010000011011111000010101101101110100000110111110000101011011011101000001101111100001010110110111010

000011011111000010101101101110100000110111110000101011011011101000001101111100001010110110111010000011011111000010101101101110100000110111110000101011011011101000001101111100001010110110111010

000011011111000010101101101110100000110111110000101011011011101000001101111100001010110110111010000011011111000010101101101110100000110111110000101011011011101000001101111100001010110110111010

000011011111000010101101101110100000110111110000101011011011101000001101111100001010110110111010000011011111000010101101101110100000110111110000101011011011101000001101111100001010110110111010

000011011111000010101101101110100000110111110000101011011011101000001101111100001010110110111010000011011111000010101101101110100000110111110000101011011011101000001101111100001010110110111010

000011011111000010101101101110100000110111110000101011011011101000001101111100001010110110111010000011011111000010101101101110100000110111110000101011011011101000001101111100001010110110111010

000011011111000010101101101110100000110111110000101011011011101000001101111100001010110110111010000011011111000010101101101110100000110111110000101011011011101000001101111100001010110110111010

000011011111000010101101101110100000110111110000101011011011101000001101111100001010110110111010000011011111000010101101101110100000110111110000101011011011101000001101111100001010110110111010

000011011111000010101101101110100000110111110000101011011011101000001101111100001010110110111010000011011111000010101101101110100000110111110000101011011011101000001101111100001010110110111010

000011011111000010101101101110100000110111110000101011011011101000001101111100001010110110111010000011011111000010101101101110100000110111110000101011011011101000001101111100001010110110111010

000011011111000010101101101110100000110111110000101011011011101000001101111100001010110110111010000011011111000010101101101110100000110111110000101011011011101000001101111100001010110110111010

000011011111000010101101101110100000110111110000101011011011101000001101111100001010110110111010000011011111000010101101101110100000110111110000101011011011101000001101111100001010110110111010

000011011111000010101101101110100000110111110000101011011011101000001101111100001010110110111010000011011111000010101101101110100000110111110000101011011011101000001101111100001010110110111010

000011011111000010101101101110100000110111110000101011011011101000001101111100001010110110111010000011011111000010101101101110100000110111110000101011011011101000001101111100001010110110111010

000011011111000010101101101110100000110111110000101011011011101000001101111100001010110110111010000011011111000010101101101110100000110111110000101011011011101000001101111100001010110110111010

000011011111000010101101101110100000110111110000101011011011101000001101111100001010110110111010000011011111000010101101101110100000110111110000101011011011101000001101111100001010110110111010

000011011111000010101101101110100000110111110000101011011011101000001101111100001010110110111010000011011111000010101101101110100000110111110000101011011011101000001101111100001010110110111010

000011011111000010101101101110100000110111110000101011011011101000001101111100001010110110111010000011011111000010101101101110100000110111110000101011011011101000001101111100001010110110111010

000011011111000010101101101110100000110111110000101011011011101000001101111100001010110110111010000011011111000010101101101110100000110111110000101011011011101000001101111100001010110110111010

000011011111000010101101101110100000110111110000101011011011101000001101111100001010110110111010000011011111000010101101101110100000110111110000101011011011101000001101111100001010110110111010

000011011111000010101101101110100000110111110000101011011011101000001101111100001010110110111010000011011111000010101101101110100000110111110000101011011011101000001101111100001010110110111010

000011011111000010101101101110100000110111110000101011011011101000001101111100001010110110111010000011011111000010101101101110100000110111110000101011011011101000001101111100001010110110111010

000011011111000010101101101110100000110111110000101011011011101000001101111100001010110110111010000011011111000010101101101110100000110111110000101011011011101000001101111100001010110110111010

000011011111000010101101101110100000110111110000101011011011101000001101111100001010110110111010000011011111000010101101101110100000110111110000101011011011101000001101111100001010110110111010

000011011111000010101101101110100000110111110000101011011011101000001101111100001010110110111010000011011111000010101101101110100000110111110000101011011011101000001101111100001010110110111010

000011011111000010101101101110100000110111110000101011011011101000001101111100001010110110111010000011011111000010101101101110100000110111110000101011011011101000001101111100001010110110111010

000011011111000010101101101110100000110111110000101011011011101000001101111100001010110110111010000011011111000010101101101110100000110111110000101011011011101000001101111100001010110110111010

000011011111000010101101101110100000110111110000101011011011101000001101111100001010110110111010000011011111000010101101101110100000110111110000101011011011101000001101111100001010110110111010


--- 以下是控制字节
1111111111111111111111111111111111111111111111111111111111111111111111111111111111111111111111111111111111111111111111111111111111111111111111111111111111111111111111111111111111111111111111111111111111111111111111111111111101100010111111111111111111111111111111111111111111111111111111111111111111111111111111111111111111111111111111111111111111111111111111111111111111111111111111111111111111111111111111111111111111111111111111111111111111111111111111111111111111111111111111111111111111111111111111111111111111111111111111111111111111111111111111111111111111111111111111111111111111111111111111111111111111111111111111111111111111111111